850172971724117
22683136195
509908302375225
158683521492007
1549131271824144
812273192241397
1700819020177228
1691719041155281
207189973202782
174343750030391
986410741490165
721926094625837
1868157670136246
265578100290310
1449830558666036
294450064035681
502692343130547
1459210794318006
102079356589660
1171990732869492
1180738018672343
1428294453930969
136918826771467
767516573352108
401816590560
490222071180065
324761974272416
208497122535045
960014124134624
1513217328975937
881814218548682
140777999845152
1905178399714618
837435206338209
111801742627648
1650750468512083
481150392042139
1173261466059040
688150831377518
611930872199247
194225417443541
1467828706860239
1229951660354274
471382126384474
1633454626908671
861708977317194
109082829168975
1658358994466074
857989191013834
426710577791155
1883323028594538
284815931604927
1163101940465999
184730418261517
723438434412072
333074390121555
233618820095986
863081550402023
283827645338302
725722404109287
317256078422673
902315843190621
595344497162334
415969688476851
134027890081001
331779820244775
1656890657972652
232045650310037
1554159798199520
348041448709467
295900874186826
1112864558746406
1501849619859671
1513824705587187
1063777710350006
842761492440164
328593787338602
125779877580993
782604455222718
1480736115349715
1591023044504835
298411013688044
199764280187155
628810487239665
158532844610809
2151523361738499
264216967357058
111905299343871
403790339818924
1809810929300686
664514627023376
1872670466131818
630146173809026
1733438790232082
174854429513947
173337316570083
1480710221989651
659031707581980
456728208017806
1726117064286491
212183452490451
271644369884704
170667840008977
1512753809017653
1513463742295130
388581614523333
373340036101515
613328925376492
1450837091840784
269444683156544
406768439437029
319347104852458
504147296460167
2055272084746122
2030121547233620
111236802540644
141781303210791
262367970589782
1779215152306070
250507755141280
186174918845878
1263334593792013
1059279494203704
466853893670555
2139373226295365
1602958569761832
1273849422631822
328921687446841
177398415934464
662455107152909
585237908294160
1869070143331221
1239420962844518
338278739552433
759322960754681
541977432480470
368389719995826
244004082309733
375291635967526
1669153453302223
597536160269303
1295687163857974
259358120935671
172595422939825
255656804603583
631937567010248
219355088248480
1471398516406506
797909956904265
133351613993625
139711523345761
780485565464752
772733786156249
1646811102243765
258542977909893
600906456674241
1532345240162276
282130275478494
1864028540540947
1306207986070720
234458413567886
1665045370384962
699884240108603
1489569027961653
526505854148267
1094031074085916
1045557538934540
963379903824213
2029749213721044
1723904991031091
114356562334137
432148227163824
469383163393248
486420684710200
351582611651229
739050229591145
1532178476857365
194237837776308
964177403680610
1882395158683515
1153796241344629
234996066693680
355792381420410
1766309046949071
1051752364862874
489534314576095
310507346028814
715625581793927
134013456739918
722125174560616
1749543755293320
1929270440688225
127540088054488
910781032385835
771769472867098
350999134950875
461608117191391
213319158842725
191863734516282
1697085540530124
1747444955568860
139135766223407
291322351018153
156919974500211
1397947473765783
953779978022381
450630331653710
1865274960420827
1196917883750004
1487741254869518
1710846539129481
1506033599634112
760536567292324
1872964029687468
1883412581924560
828244857326390
152916258193711
1587469351503430
234910273314943
274435099608884
474028759365947
561418693893603
464527593637994
1618911355006587
316038838503064
200267450320206
137367892979888
708179252543052
210366192373818
519864808030330
109950742503583
714200108724334
870484263003111
249355891808642
578059702266034
1395265924065823
1608601346031450
581525055283187
156291771220266
282968345074274
573043332799041
178573288970747
511948612226596
321641314586753
343054639407382
1747891165468876
307044222810773
372980799396520
824278197628317
470141920014695
723097811058166
364033030474430
1176063185754430
189344754587886
552776664841528
911657138855094
358725327917728
118790868213087
383199685433020
225146784700368
170637433555098
1579941098747835
1439653063007362
501273710235341
839183436136791
1490819624526636
392486864231983
1768720563405151
750999088250570
946374482042868
819771254720450
466648723495578
1753237618266901
2052897354997295
670497839769426
380567605425902
1173636692750000
1391396514406145
408320919313731
1434113756803902
1401049846850906
1414778478735070
1565478263763843
302348083617238
320636821705714
373219082714825
139316873319991
403263203067586
824348570965980
1672184386424073
174474199771892
1387172744838419
876569582446941
1053218024787924
386900128346019
231531010665856
233825000423982
1763286683964063
511097182413336
207212606417533
214057332372777
329389570539204
1292639324143598
381370662054323
1899508490368707
124711448195397
414824978896678
1806797602984436
160870830722231
121069808466624
477964859056373
1107727059292028
313318492090124
356330547874417
262562737533496
1657737257571039
141948519180785
428857627162538
2423632574528932
1674200982612382
487793591622143
647058592073613
1482925128675046
1660929374191866
1819627521690785
103421799773301
206840403207637
1872714452943169
181456431888029
370669853020912
650988541606642
772196439528600
1696036337314155
126577671350298
331384737202170
353115121527562
305736239561193
383696398489422
271639303229767
750867524984537
388597067969044
127001168001891
149812859094146
1752900728258135
685937461567197
586498528164096
342549466109865
1423060674574675
277799995696923
451073538362891
282411435476949
1040021912756930
1609916452628682
1282652385184116
118968612042629
211668928981547
553697678154973
164367043967165
101818356644216
1081864668493249
108386943047338
339868872802415
131100517085036
719538861561713
1282090478485903
1739201926354351
249398151829449
195858020825460
496297667232572
512584902170964
130629145154
1416811028566998
777658532264769
274414419729294
1571786309792673
791966174312110
498287336961883
1762435533974620
1992548960760601
330951283752456
1632299127050128
162291904341394
119549245318425
998741626907258
364997627165697
262384204133501
528320614043286
461728737534374
699667143395255
2007093662650910
1684844921789062
135201903744976
2332750523617103
1289709277737849
577096619123236
615447755236641
1445543769011701
1381846435164114
401910800151629
107166792767207
516592538377969
2421424290
813384148792045
592068990916325
604291336445103
225056721317867
609900415765197
1542815929118377
682788818518822
1584931965096303
1786935004909996
1956485607900228
1554801124759450
1444470612468412
232985540163328
170398563134191
1083272811748460
359391070804845
1006521709457111
1400810200243441
1576332919059216
1920016341575604
1565422660211207
149166401793759
249072768598366
1212236082236816
1469300813138512
170108363070816
1765035387069562
151125954920085
424769987549078
742193989289600
1208785795910491
293069100891129
235306789959968
142514749165105
183981335140667
192400124609457
845824995560364
371803219832794
123444651653056
186216805294598
121572331262796
1183333801711202
1178913305534525
1493800700839859
331516590280576
1116923338329602
302428016485162
732420663472153
263510030791508
574642462675654
382123768594926
826908937484406
308054155881989
1648238005394082
153032695364406
519175694833386
1615782198722925
537990866259279
1521156831503858
1705365236391437
220319851841208
269683779719330
1821254048194153
282552758511568
160073140816799
135559880239538
164930230339736
414495725353336
687060258007744
993019190809073
1843511599259017
140820439592595
1047951181908829
575933089094772
1026055457538916
222637031425911
624769634259536
194189840653977
1786944461623008
754709841273604
538236266203988
1553309911605895
1776214242468923
116230485528274
671131006256773
126348794234977
411055666032894
1584598835086711
161696811051993
1629359647373538
144629125962758
138460896753976
509268869219282
918647501535033
600279273515577
1633076763620367
931832253580488
497531376934743
1192671040745261
1798457373778437
199832050595473
1294922093893511
105136346900465
1516193648462172
586026954892547
222532591583914
197195183627827
943475752429645
1000917643322305
1747574625491654
315367755239246
358785847526177
870549653089575
1850491441834046
239018759492310
621657307958991
956889624432082
1273224302732593
694970340664581
599629733519239
1310738355626395
797285987065157
1593878730827648
824424757578375
1732915863603487
528938490642935
100183470418296
428325857335956
478080872338674
1415222655456809
448239301912758
804914576275998
501438113377967
309916822724296
555405197998459
179006612133155
1901487710067154
665927106899952
1000388883351620
1001051779947172
344718705713967
184537705322328
124001727948066
154220034767360
228148347393321
605780722876060
510526322454370
821721584576791
248169071984248
185403041619539
1617674995130913
867920789929111
310137679075799
139664656238665
132704257213
442637779165930
866770943379787
1592102927671791
354202364710937
702385639804574
678638438885634
152456768273861
291435874280492
171081879758566
296519327110795
275899079240341
320434501449784
280566165483802
155546961301895
691994664247079
250866021763609
1511962035686538
229244010425617
217833758293867
207594192758714
414829095290449
292957030849839
626468984090163
649362875146519
684302561612080
141979252655402
232517263574415
1582390572027640
209373769081516
258290154329219
571038589597653
1631737907041350
517351161977106
1690785384546263
429290927493860
875607599153889
1006830939398621
382626261849827
684385351728184
260765911088790
1049184728495257
1476257846017303
420710334758144
377974002356863
198096883691402
541154062724821
327987010632279
203366670050693
559899724144581
463268410729602
1914502992124482
709792209127736
194172091187216
309771469358202
343910042398137
211755702365775
1359778377445802
391182094665230
365526547114050
455928974745246
1627991397487791
1771780773050164
1440456512897317
321962527820420
184579402137818
400911486942022
1615968042024993
207693523027690
1195317263818033
1223731594354473
825925497564839
103163799824216
316500605097124
496255263769273
1783213495235256
1649308478660309
620790821352238
878210468926842
487956028071247
1106710209412489
794951187227341
1002277156511608
772989502718669
123305874536020
1620192614894675
803291426386512
161493801203700
1339885026133410
1351159091619234
193292901105002
1612983365672689
536399046423760
1657900341187947
1915631038754933
632804750104316
1062364303854311
170797856650747
778454612184193
586924924744389
912891782058488
714059898698295
1672874309621228
571287999714841
1815457532000946
1726363640970248
707795362604186
985856341570743
381504002049081
333780773733092
413994452287821
298975020464512
1369496603069735
362212724180292
1429373907383322
1464859663582444
333784206748789
276866019100953
156629391149224
1021342491229029
1096945170341318
1645529735752310
1938212239800388
1675188829430265
124362551585276
332870613545763
1856620574550792
1642973999316216
257204437767549
1691649491150258
1159116377492775
168876720335251
1315265958551802
511157919026185
1390679981198884
195882937581971
1271891322925029
312618502200207
411406842317375
187250898272973
228546417613913
1051631654955511
269669373457462
515804191896606
835459806525973
867872649963124
500957056906468
123961394960918
119129855347174
467894909969109
546000675452911
886932888012551
1515382625404506
334693543385672
165912576773947
455014721290845
810551612297118
1414922658758080
268541223586600
855031227850064
540079849426435
1442003869413229
1863328007277173
963292713813407
1737520846513725
325472444588130
192196210795962
287779764588242
1452503355073395
543036432459106
2040143676213328
368756226583661
950851318334924
893543404009157
237396226417514
1397214090501252
166909354015646
321076388273866
208294342700269
1657754314508372
377688025722274
451604054903475
596113770526429
724542297688007
687192858040184
480434179005939
264833473987924
875480909272763
1440231452656151
440154953004899
262994844220285
145803435583182
621848691309546
1024080874390948
1574706289227776
1014407685360181
1985297178365455
1757405607922882
195633064274688
1592532054330088
727218804055316
1012735695452332
793712930694859
1659642527632215
1559682447604779
784054281628287
121716778295242
1762205764104370
1840753029521255
442463822593157
972384656134944
399414610263214
139375916194636
571364662963760
438665432984998
623798141032558
1555089744746338
294690544057556
1669961763218841
261059157399342
1417795808433575
923533654399956
107215386097515
419858255130743
600848923430372
1915109965376463
129584754370290
1610119502630636
344235339063537
353539311389625
529570543867388
1908882976061668
548733595286386
576799252428728
734811609977800
1071844369542972
128312151133701
628348127326893
240265526005884
1665014747136239
1584360018468963
621048008002680
169730559858903
174163289458223
865611813570092
306517829830892
108178862583319
1374554882851599
929901307031871
247955532032733
471487922923815
941013296020419
473415199358860
1674293179488767
1481968962015003
1477039208979448
729520527091532
1725496251033260
579491768861755
1523512854569515
867831286633382
120784715043330
291461037710900
871229052933810
1526225644255539
384595461733479
775012295954370
900624483326010
164217517067362
700230843438701
464637300289852
669131056513911
236090976598444
1429660913943257
1379645028955600
602510416438065
408232342546830
205949362890942
649931215017039
769159696534565
1237817392995542
1818749675040621
1892393314366171
718210231617136
1445900339004703
351509411541454
384780051639067
1491201951152791
681004011976132
1520876691521694
1726833550905937
373429649751218
1786634861576869
578690149001660
1499282343686547
609645845864286
1399481216981167
193493124331444
1719531081592052
174821169689851
843710042410395
1702540733354263
1449724238585268
695409310604578
456227347784991
561065880733919
302569556533751
433846006820635
233343970190514
1841929682686706
215078252032415
586448418161445
1083387218385199
1430058463967624
1564796590503334
1438163556467060
185408628747535
1157468711028475
262295823972199
478285045536752
146085985547954
239912389679957
353967794685563
994867820633869
616998685052853
189177654466598
1609340255984972
1815516088725165
1075737875779622
763958603616622
612036052520158
1569547093302755
100551126950228
857867850898012
924602150994630
436400556693424
1461270047484135
172644616627629
162488817274660
719628001406280
747586438609090
1765712736996311
320849298087603
578597912295774
1151141808261209
722724157846416
188270391193434
561036400935589
1255131887951847
1292401390833905
1749676368617186
1731376017185947
696265730537290
1610251709227473
124015834974827
165349483601810
497566003596002
1745265452398165
803810816295865
219910728208240
330872690338198
1694448204129178
1882879028642550
1832937660294189
394306080990543
133341180646965
308517476283909
353787041364938
528169940857622
101654283813835
533512423461872
964028990312918
542626779111942
1997854113796751
1332587900125549
589995581359013
796419817041554
1646235309007416
103423316478526
531051990392787
377857365615819
749956501735944
1421986111442590
751255734895305
401324146675039
1505786096322856
1511837309081058
1888868451434406
214971735593174
2021679308121032
1919555758317321
272243579461613
114052068658369
455456234654954
1580669598813494
232785766734
191081354735223
900994436637886
458133814316175
108377185900768
380458565382006
277329112425902
482654181861681
579280805447093
190300304911704
737527909715728
1837310876597957
729299217140642
188839861245230
280113718814048
1476112269318745
882276211869922
280183525755513
568736089860259
433082607070461
252860661882399
190643778143028
656000597759522
1747045798915146
465208540502452
747153538742453
860770637389247
244225765732894
281334778692054
1660455257504355
1567983966827099
221488001218287
532734513429817
712920662136121
381046358617764
155913734481829
452516481798465
680308348802567
207745616086696
195375520496725
1120880174661171
1745077742476780
1628183414070534
417087584969076
485286381510719
241063539392511
1172214669530461
518989364880473
220656348344174
1430377320579412
130039887702778
868786639939294
829681700419617
929795697078225
549667238563979
441568966243707
149754658883774
248748275506041
1762817330630618
140983472915277
194294400700110
1616087815107245
350802141920469
1706423352992714
153911787988362
1639458589624943
160345360658247
1396682260574756
1577147409186337
806399302740134
198593560570027
594108780631485
343870462453487
418829431617771
774199205937037
1043338302374430
1539093299499241
166208096852543
439339842908433
980062598683175
255198214599280
666853283397544
475969859254295
1446400445645839
670078156499677
475216509269317
377253766006007
1964967027111794
133312880163796
351436868340242
230261747503563
1927901597460666
1497094197245550
198291047175300
124468984432
529286803814952
296113354128278
878807335654353
197262304385592
1621959997858670
1835466953347059
289929467851314
1731913367123144
268468780325503
558366687679914
1478776115677651
797728150401394
1175811975815221
500755169973527
165893753566172
1637580916309769
434484983420886
273133529851017
1790864221223337
390626864625720
441736309295145
761244220602508
133993843692214
842734709127894
280998762020385
237229583065132
339081789504488
325905667586052
111670455513068
445657595564159
429041024150418
1450298631651264
623079827811214
345624685548886
1420545091495987
172769132842806
1659992924324478
1704564576431093
145736652147177
169109659951230
1374436236138683
247291592389757
131991896959723
355158944537685
1758812571033112
1312670382133941
1482447151797116
1372905459490360
692839490810298
483713315087219
1423202364440426
535731196606324
568365036511594
280884145386224
1820798734801880
1616819155235042
190288954470294
412964659168528
289335771604844
1659968934321525
120326931971183
219176235212440
895514047270396
130916457520127
675237475987349
221511817974608
1696602153894299
756793067664154
764974880182650
1700325993627774
1207373769281266
117116232292078
207808583100869
343701089158684
1501764276744122
458034511026343
230839114065836
1017407981648606
1723608524529132
1430307927238975
229567667580018
1263508090382041
1471324079815280
355450361193344
218728635146010
1186246348142934
836438409752559
573848115982593
964628326906719
1425711891028134
295689794189333
351886111510209
239191332778170
1260435543969099
1778329419152464
939342046145126
1530919380558228
294654557348817
114472022002800
577718622430833
162381094443703
1953652571318955
1561769777452776
1666973916680858
1550805915227576
258149347723183
492401487499641
1440802692810950
1593781400889232
113598512676149
511014305954255
407944999539869
227452904126917
1678091525795800
1047853582002380
392683437582072
1522011451460847
470314679776500
1485263995107083
284426014978595
1466264000254152
1186792951443698
1266388670037815
1776768039254869
1450709898574981
194262207331493
115176228582233
703053016512089
1481420298818665
945888845514180
125176704771182
181485578543611
421302771543626
182195168632773
200931197062214
1156773314366271
1539630846053338
932844813392647
119988538070068
136997896744018
860606130630571
589185034545501
937688906325611
694700900708275
359880614405955
174540459767036
1424281460935006
302091509881059
928474150624422
526331974421703
569253393235582
406376922796648
664559530398590
984386031596744
190283764491669
226780377871180
100802116791906
166324676863107
581817628840924
562393727479790
1147173145311164
1673405992941950
284453801706592
214413468757756
799857003472821
228701730624555
212150258816287
978498135640015
1312904738788508
1460018324290239
1779301145693215
390335580998793
129415447250418
1763602090582997
155214938454932
1497424473852498
1443745562526137
737231413132976
324699377735541
714281935334865
318274711557631
703280469837627
601688286668398
1413489052250516
1414735568740138
1843656245697036
1419395631696098
2001336696774727
625230697658922
282921298572755
410292022401694
253112068124895
224656184627202
1734095530168246
378726038816474
1508274939478581
782565121825273
893543637382935
777995125606508
1573150102983616
1244685658946344
649105728574425
167139309977020
570885139698159
1654403464842181
430069303768524
624917897660635
1721206428163195
768005000021595
224211518049485
1592068954394069
907659625959658
163931277723031
627422564117360
965551260211210
243090396129225
725835017516720
880748805325690
1187966331227864
310481832365595
641537169296418
862963110421370
549678655163970
1738335936195177
700079700120884
1597373767171947
1924178717826218
309725249056790
412358802543315
1171985122938034
1869128116636647
960141020758401
1555887087977381
709473845803339
520343157998169
673731636037426
568789496599832
1300724220041963
219432601530200
363267054127290
369889823083203
438752109646033
480542395372080
460919400772806
827161177428266
421353127997361
752219718160888
1790055737906570
1670219753218727
177415715774560
105353393213150
1173914649331328
1851636538489571
1377591899237342
1694131614226011
1729912653942526
1638939413042146
1231394686900450
274304963025835
405244942978818
319630344876107
128363381146388
1077008722323192
1757412511207640
1012625608850062
261177037611885
568885723131824
375714249477528
372874316067011
173604146005653
659176810773473
727080820767773
606976189513206
1556141761296891
342951382713384
474985119353085
561464597283905
517045411741837
338954876271957
703882843000224
456453664453618
760657650735668
365725413582998
538895742888736
286121138422550
875523939166925
791300270899651
1920763278205871
1434051526855130
243273736195852
1677358318949803
1720004724976149
226703064522208
1535652740002575
143234209193626
1697596167164795
359103040903759
117183492265113
385519314970758
146918809370023
157738341071389
574393056256384
213101372180721
1948462058717084
111410055860485
139271649555507
1430676080314598
1024674077575139
250572165119513
482745788530251
1918728051701986
549301138447203
350810621945554
774234256013698
675677975926989
240126192831877
1404321839597302
318571004820769
102168786539524
1847263198831313
1776859445873223
134117243719403
374193519641965
692871800898226
1883778271881309
1767143590266289
1757939884532422
412136095612919
167989493960846
1186881608020878
1736735489902614
113983788640369
505888072844318
1665714270373778
144158975666341
1176930552453541
719072044918594
652357644850335
1765381840344407
492225467571797
116865051997573
786828594847683
138269766271448
306862859500887
189225817875508
709284675857739
1111497665608175
478772235500011
117831865011032
